-285299965
106884770
493462997
807090070
1551547034
-1134843617
204187329
1279541906
1480582024
-978792683
-127566445
1167513551
-2073172056
1157963984
-1963958059
-538609341
-1040459205
-1546908633
-667321291
1343600808
-550318454
586850974
-1835132787
-1962841997
-1821930937
896002339
1459079864
198436056
-1959553417
415823458
1024894519
-1667122959
-1154349683
-2088055058
-883432794
1415184046
-253415396
-1254574033
990351152
-1176307975
2063714801
-1813505613
-305233705
-612825214
-411292778
-51779980
-1665000731
1725010463
621945963
-836881158
2077933359
1330405167
